0.974359 0.974603 0.974847 0.975092 0.975336 0.97558 0.975824 0.976068 0.976313 0.976557
0.976801 0.977045 0.977289 0.977534 0.977778 0.978022 0.978266 0.97851 0.978755 0.978999
0.979243 0.979487 0.979731 0.979976 0.98022 0.980464 0.980708 0.980952 0.981197 0.981441
0.981685 0.981929 0.982173 0.982418 0.982662 0.982906 0.98315 0.983394 0.983639 0.983883
0.984127 0.984371 0.984615 0.98486 0.985104 0.985348 0.985592 0.985836 0.986081 0.986325
0.986569 0.986813 0.987057 0.987302 0.987546 0.98779 0.988034 0.988278 0.988523 0.988767
0.989011 0.989255 0.989499 0.989744 0.989988 0.990232 0.990476 0.99072 0.990965 0.991209
0.991453 0.991697 0.991941 0.992186 0.99243 0.992674 0.992918 0.993162 0.993407 0.993651
0.993895 0.994139 0.994383 0.994628 0.994872 0.995116 0.99536 0.995604 0.995849 0.996093
0.996337 0.996581 0.996825 0.99707 0.997314 0.997558 0.997802 0.998046 0.998291 0.998535
